-19,20178 -48,45406 16,60205 16,70618 16,61384 2
-19,20178 -48,44812 8,50150 8,50150 8,50150 1
-19,20178 -48,44217 7,28078 7,28078 7,28078 1
-19,20178 -48,43622 6,85818 6,85818 6,85818 1
-19,20178 -48,43027 7,95839 7,95839 7,95839 1
-19,20178 -48,42433 14,93382 15,23320 15,13052 2
-19,20178 -48,41838 42,35305 51,92346 46,32781 6
-19,20178 -48,41243 45,63103 57,97467 50,08333 6
-19,20178 -48,40649 50,10672 64,15869 57,82010 7
-19,20178 -48,40054 32,79276 40,47567 35,53197 5
-19,20178 -48,39459 6,86939 6,86939 6,86939 1
-19,20178 -48,38865 6,13532 6,13532 6,13532 1
-19,20178 -48,38270 6,70566 6,70566 6,70566 1
-19,20178 -48,37675 6,99768 6,99768 6,99768 1
-19,20178 -48,37080 12,29028 12,37946 12,31788 2
-19,20178 -48,36486 20,92165 23,01876 22,14468 3
-19,20178 -48,35891 26,19545 29,62164 27,44431 3
-19,20178 -48,35296 22,10679 31,81502 31,08164 3
-19,20178 -48,34702 52,37992 71,22861 59,95027 8
-19,20178 -48,34107 46,59736 58,04988 52,96030 7
-19,20178 -48,33512 32,98661 45,90815 40,19176 5
-19,20178 -48,32918 32,96620 40,62698 37,68475 5
-19,20178 -48,32323 29,11056 38,47642 32,91838 4
-19,15119 -48,38270 18,76216 20,04658 19,03279 2
-19,15119 -48,37675 25,47668 35,67777 31,24116 4
-19,15119 -48,37080 19,23553 20,38540 19,60389 2
-19,15119 -48,36486 20,99542 22,15126 21,50170 2
-19,15119 -48,35891 19,22915 20,30939 19,66416 2
-19,15119 -48,35296 34,45346 47,32094 41,59988 5
-19,15119 -48,34702 19,68941 28,45485 24,59995 3
-19,15119 -48,34107 23,12757 29,76090 26,93981 3
-19,15119 -48,33512 34,43153 44,59512 39,51023 5
-19,15119 -48,32918 38,22136 51,10522 43,06398 5
-19,15119 -48,32323 29,54661 38,44610 33,25404 4
-19,15119 -48,31728 15,31816 18,46385 16,43691 2
-19,15119 -48,31133 32,41421 41,51589 38,39511 5
-19,15119 -48,30539 26,15318 31,51922 28,56439 4
-19,15119 -48,29944 20,97186 31,33635 26,14529 3
-19,15119 -48,29349 16,07859 16,07859 16,07859 1
-19,15119 -48,26376 7,08005 7,08005 7,08005 1
-19,15119 -48,24592 12,23341 13,97675 13,58075 2
-19,15119 -48,23997 13,31950 13,53562 13,38835 2
-19,15119 -48,22808 8,54725 8,54725 8,54725 1
-19,15119 -48,22213 13,80855 13,80855 13,80855 1
-19,15119 -48,21618 17,88996 18,41268 18,29989 2
-19,15119 -48,21023 19,78135 25,49818 23,24067 3
-19,15119 -48,20429 19,28109 27,69642 24,89023 3
-19,15119 -48,19834 31,73668 42,29613 37,47849 5
-19,15119 -48,19239 25,52560 36,92110 33,44700 4
-19,15119 -48,18645 19,65732 30,94503 29,30916 3
-19,15119 -48,18050 31,06727 38,49699 35,86552 3
-19,15119 -48,17455 51,82819 73,08165 61,11103 7
-19,15119 -48,16861 30,79073 39,34430 37,29522 4
-19,14557 -48,45406 37,72773 45,30458 42,64269 6
-19,14557 -48,44812 10,42413 10,42413 10,42413 1
-19,14557 -48,44217 23,20873 26,25689 24,55378 3
-19,14557 -48,43622 37,06295 43,51914 38,30395 5
-19,14557 -48,43027 38,37115 49,38533 44,16160 6
-19,14557 -48,42433 12,42367 16,27870 15,73322 2
-19,14557 -48,41838 12,31254 15,07437 14,84400 2
-19,14557 -48,41243 8,88373 8,88373 8,88373 1
-19,14557 -48,40649 6,76590 6,76590 6,76590 1
-19,14557 -48,39459 12,30354 15,08649 13,72529 2
-19,14557 -48,38865 22,30021 29,01304 26,66717 3
-19,14557 -48,38270 21,88778 29,44014 25,10748 3
-19,14557 -48,37675 30,11728 41,41838 36,15408 4
-19,14557 -48,37080 27,70874 30,79767 29,65279 3
-19,14557 -48,36486 41,68153 53,80312 46,63922 6
-19,14557 -48,35891 26,01071 37,56295 33,42199 4
-19,14557 -48,35296 48,16679 63,39392 52,24000 7
-18,96008 -48,19834 27,75660 34,66026 30,40201 4
-18,96008 -48,19239 73,03347 95,14377 76,92129 11
-18,96008 -48,18645 59,30298 74,28467 63,17186 9
-18,96008 -48,18050 30,11295 34,29609 31,23916 4
-18,96008 -48,17455 27,30488 31,23132 29,27650 4
-18,96008 -48,16861 31,48640 37,09999 34,97375 5
-18,95446 -48,45406 26,86299 33,34485 30,14086 3
-18,95446 -48,44812 36,99843 47,99107 43,32133 5
-18,95446 -48,44217 58,88966 80,96162 68,91665 8
-18,95446 -48,43622 50,28647 65,69292 56,63073 7
-18,95446 -48,43027 20,33304 25,39865 23,66182 3
-18,95446 -48,42433 27,69877 32,81579 31,05676 4
-18,95446 -48,41838 25,35701 30,30574 28,03270 4
-18,95446 -48,41243 19,35987 23,67099 21,65186 3
-18,95446 -48,40649 19,57204 24,46086 20,98452 3
